Year,Temp Max,Temp Min,Temp Avg
1951,35.25,24.70000076,30.3576096
1952,36.61000061,25.17000008,30.89000035
1953,36.02000046,24.13999939,30.07999993
1954,35.5,24.31999969,29.90999985
1955,35.93999863,23.26000023,29.59999943
1956,37.04999924,24.42000008,30.73499966
1957,36.16999817,24.12000084,30.14499951
1958,36.25,24.04000092,30.14500046
1959,36.68999863,24.15999985,30.42499924
1960,35.93000031,23.63999939,29.78499985
1961,36.75,23.64999962,30.19999981
1962,35.77999878,23.38999939,29.58499909
1963,35.68999863,23.61000061,29.64999962
1964,37.02999878,24.31999969,30.67499924
1965,35.95000076,23.51000023,29.7300005
1966,36.91999817,23.40999985,30.16499901
1967,36.25,24.25,30.25
1968,35.63000107,23.28000069,29.45500088
1969,36.86000061,24.06999969,30.46500015
1970,36.15000153,23.59000015,29.87000084
1971,36.02999878,22.26000023,29.14499951
1972,36.40999985,23.37000084,29.89000035
1973,37.97000122,24.05999947,31.01500035
1974,37.22000122,24.5,30.86000061
1975,36.65999985,23.21999931,29.93999958
1976,37.20000076,22.14999962,29.67500019
1977,36.70999908,23.19000053,29.94999981
1978,36.74000168,23.46999931,30.1050005
1979,36.68999863,23.61000061,30.14999962
1980,37.72000122,24.14999962,30.93500042
1981,36.31000137,23.63999939,29.97500038
1982,36.91999817,23.70000076,30.30999947
1983,37.66999817,24.28000069,30.97499943
1984,36.45999908,23.44000053,29.94999981
1985,36.79000092,23.89999962,30.34500027
1986,36.86999893,23.95000076,30.40999985
1987,37.38999939,24.04999924,30.71999932
1988,36.93999863,24.44000053,30.68999958
1989,37,23.45000076,30.22500038
1990,37.65000153,24.04000092,30.84500123
1991,37.11000061,23.51000023,30.31000042
1992,37.40999985,22.75,30.07999993
1993,38.47999954,24.70000076,31.59000015
1994,36.95999908,23.97999954,30.46999931
1995,36.63000107,23.23999977,29.93500042
1996,37.74000168,23.32999992,30.5350008
1997,36.52999878,23.06999969,29.79999924
1998,38.41999817,25.43000031,31.92499924
1999,36.99000168,23.05999947,30.02500058
2000,38.06999969,23.37999916,30.72499943
2001,36.52999878,23.80999947,30.16999913
2002,36.97000122,23.54999924,30.26000023
2003,37.95999908,24.19000053,31.07499981
2004,37.56000137,24.42000008,30.99000073
2005,37.97000122,24.47999954,31.22500038
2006,37.72000122,23.81999969,30.77000046
2007,36.68000031,24,30.34000016
2008,36.47000122,23.30999947,29.89000035
2009,37.65000153,24.09000015,30.87000084
2010,37.66999817,24.72999954,31.19999886
2011,35.47000122,22.92000008,29.19500065
2012,36.52999878,23.62999916,30.07999897
2013,37.00999832,24.07999992,30.54499912
2014,36.74688339,24.28183365,30.51435852
2015,36.42903137,23.70661163,30.0678215
2016,38.92580795,25.05395889,31.98988342
2017,37.62717056,24.17944336,30.90330696
2018,36.54418182,23.78006363,30.16212273
2019,37.53182602,24.55163956,31.04173279
2020,36.53153229,24.47536469,30.50344849
